   0.00000000    
  -1.02259219E-02
  -2.02842057E-02
  -3.05846334E-02
  -4.07919288E-02
  -5.09247184E-02
  -6.11320138E-02
  -7.10785389E-02
  -8.10623169E-02
  -9.11951065E-02
 -0.101402402    
 -0.111013651    
 -0.120997429    
 -0.130906701    
 -0.140517950    
 -0.150501728    
 -0.159963965    
 -0.169351697    
 -0.179111958    
 -0.188499689    
 -0.198483467    
 -0.206679106    
 -0.216215849    
 -0.225901604    
 -0.233948231    
 -0.243484974    
 -0.251829624    
 -0.260770321    
 -0.268667936    
 -0.278204679    
 -0.286102295    
 -0.293999910    
 -0.301599503    
 -0.310540199    
 -0.318288803    
 -0.326633453    
 -0.332891941    
 -0.340938568    
 -0.347197056    
 -0.354945660    
 -0.361949205    
 -0.368058681    
 -0.374913216    
 -0.383555889    
 -0.387430191    
 -0.395178795    
 -0.401139259    
 -0.405311584    
 -0.412762165    
 -0.417828560    
 -0.422000885    
 -0.428259373    
 -0.433921814    
 -0.438690186    
 -0.442266464    
 -0.448822975    
 -0.450909138    
 -0.457167625    
 -0.460147858    
 -0.465810299    
 -0.467002392    
 -0.472068787    
 -0.475347042    
 -0.478029251    
 -0.482797623    
 -0.482797623    
 -0.488162041    
 -0.489056110    
 -0.491738319    
 -0.494718552    
 -0.497102737    
 -0.498592854    
 -0.499784946    
 -0.502169132    
 -0.503361225    
 -0.503361225    
 -0.506341457    
 -0.506639481    
 -0.507533550    
 -0.507533550    
 -0.507235527    
 -0.509321690    
 -0.507831573    
 -0.508427620    
 -0.512301922    
 -0.508427620    
 -0.508725643    
 -0.507533550    
 -0.507235527    
 -0.506341457    
 -0.506043434    
 -0.505149364    
 -0.503957272    
 -0.502765179    
 -0.499486923    
 -0.498294830    
 -0.497400761    
 -0.496506691    
 -0.494122505    
 -0.493228436    
 -0.490844250    
 -0.486373901    
 -0.484585762    
 -0.483989716    
 -0.479221344    
 -0.479817390    
 -0.474750996    
 -0.474452972    
 -0.471174717    
 -0.466704369    
 -0.465512276    
 -0.461339951    
 -0.457465649    
 -0.455677509    
 -0.452995300    
 -0.447034836    
 -0.445842743    
 -0.439882278    
 -0.437498093    
 -0.435113907    
 -0.431537628    
 -0.426173210    
 -0.422596931    
 -0.420212746    
 -0.414848328    
 -0.410079956    
 -0.406503677    
 -0.404715538    
 -0.398755074    
 -0.396966934    
 -0.390410423    
 -0.388026237    
 -0.381469727    
 -0.379085541    
 -0.374317169    
 -0.368952751    
 -0.364780426    
 -0.362992287    
 -0.356435776    
 -0.353455544    
 -0.349283218    
 -0.342726707    
 -0.340938568    
 -0.336170197    
 -0.332593918    
 -0.327825546    
 -0.321865082    
 -0.321269035    
 -0.312924385    
 -0.311136246    
 -0.304579735    
 -0.301599503    
 -0.298023224    
 -0.291466713    
 -0.289082527    
 -0.284314156    
 -0.278353691    
 -0.275969505    
 -0.270605087    
 -0.266432762    
 -0.262856483    
 -0.257492065    
 -0.256896019    
 -0.247955322    
 -0.247955322    
 -0.242590904    
 -0.238418579    
 -0.233054161    
 -0.230669975    
 -0.226497650    
 -0.222921371    
 -0.216960907    
 -0.215172768    
 -0.212192535    
 -0.205039978    
 -0.203847885    
 -0.199079514    
 -0.195503235    
 -0.193119049    
 -0.188946724    
 -0.183582306    
 -0.180006027    
 -0.179409981    
 -0.171661377    
 -0.169873238    
 -0.169277191    
 -0.161528587    
 -0.160336494    
 -0.156164169    
 -0.154972076    
 -0.151395798    
 -0.146031380    
 -0.145435333    
 -0.138282776    
 -0.138878822    
 -0.134110451    
 -0.134110451    
 -0.126361847    
 -0.128746033    
 -0.116229057    
 -0.118613243    
 -0.118017197    
 -0.114440918    
 -0.113248825    
 -0.109076500    
 -0.107288361    
 -0.104904175    
 -0.100135803    
  -9.95397568E-02
  -9.71555710E-02
  -9.41753387E-02
  -9.11951065E-02
  -8.94069672E-02
  -8.46385956E-02
  -8.64267349E-02
  -7.98702240E-02
  -7.98702240E-02
  -7.74860382E-02
  -7.56978989E-02
  -7.21216202E-02
  -7.33137131E-02
  -6.79492950E-02
  -6.79492950E-02
  -6.31809235E-02
  -6.55651093E-02
  -5.84125519E-02
  -6.31809235E-02
  -5.48362732E-02
  -5.36441803E-02
  -5.45382500E-02
  -5.36441803E-02
  -4.85777855E-02
  -4.79817390E-02
  -4.79817390E-02
  -4.41074371E-02
  -4.35113907E-02
  -4.32133675E-02
  -3.96370888E-02
  -4.05311584E-02
  -3.90410423E-02
  -3.60608101E-02
  -3.57627869E-02
  -3.18884850E-02
  -3.21865082E-02
  -3.06963921E-02
  -2.83122063E-02
  -2.80141830E-02
  -2.56299973E-02
  -2.50339508E-02
  -2.50339508E-02
  -2.44379044E-02
  -2.17556953E-02
  -2.14576721E-02
  -2.14576721E-02
  -1.78813934E-02
  -1.63912773E-02
  -1.81794167E-02
  -1.43051147E-02
  -1.54972076E-02
  -1.31130219E-02
  -1.40070915E-02
  -1.31130219E-02
  -1.01327896E-02
  -9.23871994E-03
  -8.94069672E-03
  -8.04662704E-03
  -5.66244125E-03
  -6.25848770E-03
  -4.76837158E-03
  -4.17232513E-03
  -6.25848770E-03
  -4.76837158E-03
  -2.68220901E-03
  -4.17232513E-03
  -1.49011612E-03
  -1.49011612E-03
   2.98023224E-04
  -1.49011612E-03
   5.96046448E-04
   1.49011612E-03
   1.78813934E-03
   2.38418579E-03
   2.38418579E-03
   2.38418579E-03
   4.76837158E-03
   5.36441803E-03
   4.76837158E-03
   4.76837158E-03
   6.25848770E-03
   6.55651093E-03
   7.45058060E-03
   7.45058060E-03
   8.34465027E-03
   8.94069672E-03
   7.45058060E-03
   9.53674316E-03
   1.01327896E-02
   1.10268593E-02
   1.10268593E-02
   9.53674316E-03
   1.25169754E-02
   1.10268593E-02
   1.07288361E-02
   1.16229057E-02
   1.22189522E-02
   1.19209290E-02
   1.19209290E-02
   1.19209290E-02
   1.31130219E-02
   1.25169754E-02
   1.22189522E-02
   1.37090683E-02
   1.40070915E-02
   1.40070915E-02
   1.51991844E-02
   1.31130219E-02
   1.54972076E-02
   1.31130219E-02
   1.72853470E-02
   1.51991844E-02
   1.54972076E-02
   1.51991844E-02
   1.57952309E-02
   1.49011612E-02
   1.54972076E-02
   1.72853470E-02
   1.60932541E-02
   1.49011612E-02
   1.60932541E-02
   1.60932541E-02
   1.54972076E-02
   1.72853470E-02
   1.60932541E-02
   1.81794167E-02
   1.57952309E-02
   1.75833702E-02
   1.75833702E-02
   1.75833702E-02
   1.93715096E-02
   1.75833702E-02
   1.72853470E-02
   1.66893005E-02
   1.87754631E-02
   1.72853470E-02
   1.78813934E-02
   1.72853470E-02
   1.75833702E-02
   1.78813934E-02
   1.75833702E-02
   1.81794167E-02
   1.84774399E-02
   1.84774399E-02
   1.78813934E-02
   1.93715096E-02
   1.78813934E-02
   1.84774399E-02
   1.84774399E-02
   1.90734863E-02
   1.87754631E-02
   1.93715096E-02
   1.81794167E-02
   1.87754631E-02
   1.75833702E-02
   1.93715096E-02
   1.90734863E-02
   1.84774399E-02
   1.69873238E-02
   1.96695328E-02
   1.81794167E-02
   1.96695328E-02
   1.78813934E-02
   2.02655792E-02
   1.84774399E-02
   1.84774399E-02
   1.78813934E-02
   1.78813934E-02
   1.84774399E-02
   1.84774399E-02
   1.87754631E-02
   1.99675560E-02
   1.81794167E-02
   1.81794167E-02
   1.87754631E-02
   1.78813934E-02
   1.87754631E-02
   1.78813934E-02
   1.87754631E-02
   1.81794167E-02
   1.84774399E-02
   1.81794167E-02
   1.87754631E-02
   1.78813934E-02
   1.90734863E-02
   1.84774399E-02
   1.90734863E-02
   1.81794167E-02
   1.81794167E-02
   1.78813934E-02
   1.84774399E-02
   1.90734863E-02
   1.84774399E-02
   1.75833702E-02
   1.90734863E-02
   1.81794167E-02
   1.81794167E-02
   1.84774399E-02
   1.63912773E-02
   1.78813934E-02
   1.81794167E-02
   1.75833702E-02
   1.69873238E-02
   1.78813934E-02
   1.66893005E-02
   1.72853470E-02
   1.84774399E-02
   1.66893005E-02
   1.90734863E-02
   1.69873238E-02
   1.78813934E-02
   1.66893005E-02
   1.75833702E-02
   1.81794167E-02
   1.60932541E-02
   1.75833702E-02
   1.66893005E-02
   1.69873238E-02
   1.81794167E-02
   1.63912773E-02
   1.78813934E-02
   1.69873238E-02
   1.69873238E-02
   1.72853470E-02
   1.72853470E-02
   1.63912773E-02
   1.72853470E-02
   1.60932541E-02
   1.63912773E-02
   1.78813934E-02
   1.60932541E-02
   1.75833702E-02
   1.63912773E-02
   1.69873238E-02
   1.72853470E-02
   1.57952309E-02
   1.66893005E-02
   1.72853470E-02
   1.69873238E-02
   1.54972076E-02
   1.72853470E-02
   1.66893005E-02
   1.49011612E-02
   1.66893005E-02
   1.51991844E-02
   1.66893005E-02
   1.60932541E-02
   1.66893005E-02
   1.54972076E-02
   1.54972076E-02
   1.63912773E-02
   1.51991844E-02
   1.72853470E-02
   1.57952309E-02
   1.57952309E-02
   1.57952309E-02
   1.66893005E-02
   1.57952309E-02
   1.54972076E-02
   1.69873238E-02
   1.43051147E-02
   1.66893005E-02
   1.40070915E-02
   1.57952309E-02
   1.57952309E-02
   1.54972076E-02
   1.43051147E-02
   1.54972076E-02
   1.51991844E-02
   1.54972076E-02
   1.57952309E-02
   1.57952309E-02
   1.49011612E-02
   1.54972076E-02
   1.54972076E-02
   1.66893005E-02
   1.40070915E-02
   1.51991844E-02
   1.57952309E-02
   1.49011612E-02
   1.51991844E-02
   1.46031380E-02
   1.54972076E-02
   1.43051147E-02
   1.57952309E-02
   1.49011612E-02
   1.51991844E-02
   1.57952309E-02
   1.46031380E-02
   1.54972076E-02
   1.40070915E-02
   1.49011612E-02
   1.37090683E-02
   1.43051147E-02
   1.49011612E-02
   1.37090683E-02
   1.31130219E-02
   1.51991844E-02
   1.34110451E-02
   1.51991844E-02
   1.40070915E-02
   1.43051147E-02
   1.49011612E-02
   1.46031380E-02
   1.34110451E-02
   1.54972076E-02
   1.37090683E-02
   1.37090683E-02
   1.46031380E-02
   1.40070915E-02
   1.40070915E-02
   1.34110451E-02
   1.49011612E-02
   1.46031380E-02
   1.34110451E-02
   1.46031380E-02
   1.37090683E-02
   1.40070915E-02
   1.37090683E-02
   1.34110451E-02
   1.37090683E-02
   1.37090683E-02
   1.28149986E-02
   1.40070915E-02
   1.31130219E-02
   1.34110451E-02
   1.40070915E-02
   1.34110451E-02
   1.40070915E-02
   1.23679638E-02
   1.34110451E-02
   1.31130219E-02
   1.26659870E-02
   1.38580799E-02
   1.29640102E-02
   1.38580799E-02
   1.35600567E-02
   1.31130219E-02
   1.32620335E-02
   1.34110451E-02
   1.37090683E-02
   1.34110451E-02
   1.26659870E-02
   1.25169754E-02
   1.38580799E-02
   1.29640102E-02
   1.35600567E-02
   1.32620335E-02
   1.19209290E-02
   1.26659870E-02
   1.26659870E-02
   1.25169754E-02
   1.32620335E-02
   1.32620335E-02
   1.31130219E-02
   1.28149986E-02
   1.37090683E-02
   1.28149986E-02
   1.31130219E-02
   1.26659870E-02
   1.35600567E-02
   1.22189522E-02
   1.26659870E-02
   1.26659870E-02
   1.22189522E-02
   1.31130219E-02
   1.25169754E-02
   1.22189522E-02
   1.26659870E-02
   1.28149986E-02
   1.22189522E-02
   1.17719173E-02
   1.31130219E-02
   1.11758709E-02
   1.20699406E-02
   1.17719173E-02
   1.11758709E-02
   1.29640102E-02
   1.11758709E-02
   1.17719173E-02
   1.11758709E-02
   1.17719173E-02
   1.13248825E-02
   1.14738941E-02
   1.17719173E-02
   1.16229057E-02
   1.22189522E-02
   1.13248825E-02
   1.11758709E-02
   1.25169754E-02
   1.10268593E-02
   1.11758709E-02
   1.10268593E-02
   1.19209290E-02
   1.13248825E-02
   1.23679638E-02
   1.08778477E-02
   1.10268593E-02
   1.11758709E-02
   1.17719173E-02
   1.16229057E-02
   1.16229057E-02
   1.10268593E-02
   1.14738941E-02
   1.16229057E-02
   1.10268593E-02
   1.25169754E-02
   1.11758709E-02
   1.04308128E-02
   1.11758709E-02
   1.08778477E-02
   1.14738941E-02
   1.05798244E-02
   1.11758709E-02
   1.13248825E-02
   1.08778477E-02
   9.98377800E-03
   1.19209290E-02
   1.07288361E-02
   1.11758709E-02
   1.10268593E-02
   1.05798244E-02
   1.13248825E-02
   1.02818012E-02
   1.02818012E-02
   1.16229057E-02
   1.10268593E-02
   1.11758709E-02
   1.01327896E-02
   1.11758709E-02
   1.02818012E-02
   1.14738941E-02
   1.04308128E-02
   1.08778477E-02
   1.01327896E-02
   1.10268593E-02
   1.02818012E-02
   1.04308128E-02
   1.04308128E-02
   9.98377800E-03
   1.05798244E-02
   1.04308128E-02
   1.05798244E-02
   1.07288361E-02
   9.98377800E-03
   1.10268593E-02
   1.01327896E-02
   1.02818012E-02
   1.05798244E-02
   9.53674316E-03
   1.08778477E-02
   1.05798244E-02
   9.68575478E-03
   1.05798244E-02
   1.04308128E-02
   1.04308128E-02
   9.38773155E-03
   1.02818012E-02
   1.01327896E-02
   9.68575478E-03
   9.98377800E-03
   9.98377800E-03
   9.68575478E-03
   9.68575478E-03
   9.38773155E-03
   1.01327896E-02
   9.98377800E-03
   9.68575478E-03
   9.68575478E-03
   9.68575478E-03
   9.53674316E-03
   9.83476639E-03
   9.38773155E-03
   9.53674316E-03
   9.53674316E-03
   1.02818012E-02
   9.08970833E-03
   9.83476639E-03
   8.79168510E-03
   1.01327896E-02
   9.83476639E-03
   9.08970833E-03
   9.68575478E-03
   9.08970833E-03
   9.98377800E-03
   9.38773155E-03
   8.79168510E-03
   9.83476639E-03
   9.23871994E-03
   9.53674316E-03
   9.53674316E-03
   9.23871994E-03
   9.38773155E-03
   8.64267349E-03
   9.38773155E-03
   9.53674316E-03
   8.79168510E-03
   9.68575478E-03
   9.38773155E-03
   8.34465027E-03
   8.94069672E-03
   9.53674316E-03
   8.94069672E-03
   8.94069672E-03
   8.79168510E-03
   9.38773155E-03
   8.79168510E-03
   9.23871994E-03
   8.79168510E-03
   9.08970833E-03
   8.64267349E-03
   8.94069672E-03
   9.08970833E-03
   9.08970833E-03
   8.94069672E-03
   8.79168510E-03
   8.64267349E-03
   8.49366188E-03
   8.49366188E-03
   8.94069672E-03
   8.49366188E-03
   8.64267349E-03
   8.79168510E-03
   8.94069672E-03
   8.19563866E-03
   8.34465027E-03
   9.08970833E-03
   7.89761543E-03
   8.49366188E-03
   8.19563866E-03
   8.94069672E-03
   7.59959221E-03
   8.79168510E-03
   7.89761543E-03
   8.04662704E-03
   8.64267349E-03
   8.04662704E-03
   8.49366188E-03
   8.04662704E-03
   8.34465027E-03
   7.89761543E-03
   8.04662704E-03
   8.79168510E-03
   7.59959221E-03
   8.34465027E-03
   8.19563866E-03
   7.89761543E-03
   8.19563866E-03
   8.19563866E-03
   8.19563866E-03
   7.89761543E-03
   7.89761543E-03
   8.34465027E-03
   7.89761543E-03
   8.34465027E-03
   8.34465027E-03
   7.59959221E-03
   7.89761543E-03
   7.89761543E-03
   7.30156898E-03
   8.19563866E-03
   7.74860382E-03
   7.74860382E-03
   8.49366188E-03
   7.00354576E-03
   8.19563866E-03
   7.89761543E-03
   7.89761543E-03
   8.04662704E-03
   7.59959221E-03
   7.89761543E-03
   7.30156898E-03
   8.04662704E-03
   7.45058060E-03
   7.45058060E-03
   8.04662704E-03
   7.45058060E-03
   6.85453415E-03
   8.34465027E-03
   7.74860382E-03
   7.30156898E-03
   7.74860382E-03
   7.30156898E-03
   7.59959221E-03
   6.85453415E-03
   7.74860382E-03
   6.85453415E-03
   7.15255737E-03
   7.59959221E-03
   7.30156898E-03
   7.45058060E-03
   7.15255737E-03
   7.00354576E-03
   7.00354576E-03
   7.15255737E-03
   7.59959221E-03
   7.00354576E-03
   7.30156898E-03
   7.00354576E-03
   7.00354576E-03
   6.85453415E-03
   7.45058060E-03
   6.85453415E-03
   7.15255737E-03
   7.30156898E-03
   6.85453415E-03
   7.15255737E-03
   6.55651093E-03
   7.45058060E-03
   6.85453415E-03
   7.74860382E-03
   6.85453415E-03
   7.45058060E-03
   6.55651093E-03
   7.00354576E-03
   7.00354576E-03
   7.45058060E-03
   6.55651093E-03
   7.45058060E-03
   6.55651093E-03
   6.85453415E-03
   7.00354576E-03
   6.25848770E-03
   7.00354576E-03
   7.30156898E-03
   6.85453415E-03
   6.70552254E-03
   6.70552254E-03
   7.00354576E-03
   6.48200512E-03
   7.00354576E-03
   6.85453415E-03
   6.63101673E-03
   6.55651093E-03
   7.15255737E-03
   6.40749931E-03
   6.85453415E-03
   6.70552254E-03
   6.25848770E-03
   6.48200512E-03
   6.33299351E-03
   6.63101673E-03
   6.03497028E-03
   6.78002834E-03
   6.33299351E-03
   6.63101673E-03
   6.48200512E-03
   6.48200512E-03
   6.63101673E-03
   6.33299351E-03
   6.18398190E-03
   6.92903996E-03
   6.03497028E-03
   6.55651093E-03
   6.40749931E-03
   6.25848770E-03
   6.33299351E-03
   6.18398190E-03
   5.96046448E-03
   6.70552254E-03
   5.66244125E-03
   6.10947609E-03
   6.70552254E-03
   5.81145287E-03
   6.55651093E-03
   6.18398190E-03
   5.96046448E-03
   5.81145287E-03
   6.18398190E-03
   6.03497028E-03
   6.40749931E-03
   5.81145287E-03
   6.25848770E-03
   6.33299351E-03
   5.73694706E-03
   6.25848770E-03
   6.18398190E-03
   6.10947609E-03
   5.96046448E-03
   6.18398190E-03
   5.73694706E-03
   6.25848770E-03
   5.66244125E-03
   5.96046448E-03
   5.73694706E-03
   5.96046448E-03
   5.66244125E-03
   6.33299351E-03
   6.25848770E-03
   5.73694706E-03
   5.88595867E-03
   5.96046448E-03
   5.96046448E-03
   5.21540642E-03
   5.88595867E-03
   5.81145287E-03
   5.73694706E-03
   5.28991222E-03
   6.03497028E-03
   5.81145287E-03
   5.88595867E-03
   5.66244125E-03
   5.51342964E-03
   5.28991222E-03
   6.03497028E-03
   5.36441803E-03
   5.36441803E-03
   5.66244125E-03
   5.81145287E-03
   5.21540642E-03
   5.58793545E-03
   5.73694706E-03
   5.81145287E-03
   5.14090061E-03
   5.73694706E-03
   5.73694706E-03
   5.58793545E-03
   5.58793545E-03
   5.58793545E-03
   4.91738319E-03
   5.06639481E-03
   5.43892384E-03
   5.81145287E-03
   5.58793545E-03
   5.66244125E-03
   5.43892384E-03
   5.21540642E-03
   5.28991222E-03
   5.43892384E-03
   5.36441803E-03
   5.06639481E-03
   5.14090061E-03
   5.36441803E-03
   4.99188900E-03
   5.73694706E-03
   5.06639481E-03
   5.43892384E-03
   5.36441803E-03
   5.14090061E-03
   5.06639481E-03
   5.28991222E-03
   5.06639481E-03
   5.36441803E-03
   4.91738319E-03
   5.36441803E-03
   4.91738319E-03
   4.99188900E-03
   5.06639481E-03
   5.06639481E-03
   5.14090061E-03
   4.84287739E-03
   5.21540642E-03
   4.76837158E-03
   4.91738319E-03
   5.06639481E-03
   5.06639481E-03
   4.84287739E-03
   4.99188900E-03
   4.99188900E-03
   5.06639481E-03
   5.21540642E-03
   4.99188900E-03
   4.91738319E-03
   4.91738319E-03
   5.14090061E-03
   4.99188900E-03
   4.69386578E-03
   5.21540642E-03
   5.06639481E-03
   4.54485416E-03
   4.84287739E-03
   4.84287739E-03
   4.76837158E-03
   4.99188900E-03
   4.54485416E-03
   5.06639481E-03
   4.61935997E-03
   5.14090061E-03
   4.84287739E-03
   4.54485416E-03
   4.84287739E-03
   4.99188900E-03
   4.54485416E-03
   4.84287739E-03
   4.61935997E-03
   4.76837158E-03
   4.76837158E-03
   4.54485416E-03
   4.84287739E-03
   4.32133675E-03
   4.91738319E-03
   4.47034836E-03
   4.76837158E-03
   4.24683094E-03
   4.54485416E-03
   4.61935997E-03
   4.32133675E-03
   4.47034836E-03
   4.47034836E-03
   4.99188900E-03
   4.24683094E-03
   4.61935997E-03
   4.54485416E-03
   4.76837158E-03
   4.61935997E-03
   4.17232513E-03
   4.24683094E-03
   4.69386578E-03
   4.32133675E-03
   4.39584255E-03
   4.69386578E-03
   4.47034836E-03
   4.32133675E-03
   4.47034836E-03
   4.02331352E-03
   4.61935997E-03
   3.87430191E-03
   4.76837158E-03
   4.17232513E-03
   4.39584255E-03
   4.32133675E-03
   4.39584255E-03
   4.32133675E-03
   4.24683094E-03
   4.32133675E-03
   4.24683094E-03
   4.24683094E-03
   4.24683094E-03
   4.24683094E-03
   4.32133675E-03
   4.17232513E-03
   3.94880772E-03
   4.39584255E-03
   4.17232513E-03
   4.39584255E-03
   3.79979610E-03
   4.24683094E-03
   3.87430191E-03
   4.17232513E-03
   4.09781933E-03
   3.94880772E-03
   4.09781933E-03
   3.94880772E-03
   4.47034836E-03
   3.94880772E-03
   4.02331352E-03
   3.79979610E-03
   4.09781933E-03
   3.87430191E-03
   4.24683094E-03
   4.09781933E-03
   4.09781933E-03
   3.72529030E-03
   4.24683094E-03
   3.87430191E-03
   4.02331352E-03
   3.94880772E-03
   3.94880772E-03
   3.79979610E-03
   4.09781933E-03
   3.87430191E-03
   4.09781933E-03
   4.02331352E-03
   3.87430191E-03
   3.94880772E-03
   4.09781933E-03
   3.94880772E-03
   3.94880772E-03
   3.72529030E-03
   3.79979610E-03
   3.79979610E-03
   3.72529030E-03
   3.94880772E-03
   3.72529030E-03
   3.87430191E-03
   3.87430191E-03
   3.65078449E-03
   4.02331352E-03
   3.72529030E-03
   3.57627869E-03
   3.72529030E-03
   3.79979610E-03
   3.87430191E-03
   3.50177288E-03
   3.65078449E-03
   4.02331352E-03
   3.65078449E-03
   3.65078449E-03
   3.72529030E-03
   3.65078449E-03
   3.50177288E-03
   3.94880772E-03
   3.35276127E-03
   3.79979610E-03
   3.72529030E-03
   3.35276127E-03
   3.65078449E-03
   3.50177288E-03
   3.79979610E-03
   3.57627869E-03
   3.50177288E-03
   3.79979610E-03
   3.42726707E-03
   3.42726707E-03
   3.50177288E-03
   3.72529030E-03
   3.50177288E-03
   3.50177288E-03
   3.72529030E-03
   3.57627869E-03
   3.35276127E-03
   3.72529030E-03
   3.27825546E-03
   3.65078449E-03
   3.57627869E-03
   3.35276127E-03
   3.65078449E-03
   3.42726707E-03
   3.50177288E-03
   3.35276127E-03
   3.35276127E-03
   3.42726707E-03
   3.35276127E-03
   3.27825546E-03
   3.35276127E-03
   3.57627869E-03
   3.27825546E-03
   3.42726707E-03
   3.27825546E-03
   3.50177288E-03
   3.27825546E-03
   3.42726707E-03
   3.20374966E-03
   3.39001417E-03
   3.16649675E-03
   3.20374966E-03
   3.31550837E-03
   3.24100256E-03
   2.98023224E-03
   3.42726707E-03
   3.09199095E-03
   3.39001417E-03
   3.16649675E-03
   3.27825546E-03
   3.24100256E-03
   3.39001417E-03
   3.39001417E-03
   3.27825546E-03
   3.35276127E-03
   3.31550837E-03
   3.35276127E-03
   3.27825546E-03
   3.12924385E-03
   3.35276127E-03
   3.05473804E-03
   3.31550837E-03
   3.05473804E-03
   3.05473804E-03
   3.16649675E-03
   3.09199095E-03
   3.16649675E-03
   3.05473804E-03
   2.98023224E-03
   3.01748514E-03
   3.20374966E-03
   3.09199095E-03
   2.75671482E-03
   3.16649675E-03
   3.12924385E-03
   3.35276127E-03
   3.12924385E-03
   2.98023224E-03
   2.86847353E-03
   3.01748514E-03
   2.94297934E-03
   2.94297934E-03
   3.16649675E-03
   3.05473804E-03
   3.05473804E-03
   3.01748514E-03
   2.94297934E-03
   2.86847353E-03
   3.05473804E-03
   2.94297934E-03
   3.12924385E-03
   2.86847353E-03
   2.64495611E-03
   3.01748514E-03
   2.94297934E-03
   3.09199095E-03
   2.83122063E-03
   3.05473804E-03
   3.01748514E-03
   3.05473804E-03
   2.86847353E-03
   2.90572643E-03
   2.86847353E-03
   2.75671482E-03
   2.90572643E-03
   2.83122063E-03
   3.05473804E-03
   2.90572643E-03
   2.75671482E-03
   3.01748514E-03
   2.83122063E-03
   2.64495611E-03
   2.86847353E-03
   2.83122063E-03
   2.79396772E-03
   2.90572643E-03
   2.75671482E-03
   2.64495611E-03
   2.71946192E-03
   2.68220901E-03
   2.68220901E-03
   2.45869160E-03
   2.90572643E-03
   2.49594450E-03
   2.79396772E-03
   2.68220901E-03
   3.01748514E-03
   2.64495611E-03
   2.57045031E-03
   2.86847353E-03
   2.68220901E-03
   2.79396772E-03
   2.53319740E-03
   2.75671482E-03
   2.64495611E-03
   2.83122063E-03
   2.57045031E-03
   2.79396772E-03
   2.53319740E-03
   2.64495611E-03
   2.75671482E-03
   2.45869160E-03
   2.64495611E-03
   2.57045031E-03
   2.71946192E-03
   2.45869160E-03
   2.71946192E-03
   2.57045031E-03
   2.53319740E-03
   2.42143869E-03
   2.68220901E-03
   2.60770321E-03
   2.49594450E-03
   2.60770321E-03
   2.53319740E-03
   2.45869160E-03
   2.64495611E-03
   2.64495611E-03
   2.34693289E-03
   2.49594450E-03
   2.45869160E-03
   2.60770321E-03
   2.45869160E-03
   2.34693289E-03
   2.53319740E-03
   2.57045031E-03
   2.53319740E-03
   2.53319740E-03
   2.57045031E-03
   2.49594450E-03
   2.49594450E-03
   2.53319740E-03
   2.34693289E-03
   2.57045031E-03
   2.53319740E-03
   2.30967999E-03
   2.45869160E-03
   2.53319740E-03
   2.30967999E-03
   2.45869160E-03
   2.12341547E-03
   2.53319740E-03
   2.42143869E-03
   2.34693289E-03
   2.38418579E-03
   2.38418579E-03
   2.12341547E-03
   2.45869160E-03
   2.45869160E-03
   2.23517418E-03
   2.30967999E-03
   2.53319740E-03
   2.19792128E-03
   2.23517418E-03
   2.42143869E-03
   2.34693289E-03
   2.34693289E-03
   2.27242708E-03
   2.23517418E-03
   2.27242708E-03
   2.38418579E-03
   2.12341547E-03
   2.42143869E-03
   2.16066837E-03
   2.34693289E-03
   2.16066837E-03
   2.23517418E-03
   2.38418579E-03
   2.23517418E-03
   2.23517418E-03
   2.30967999E-03
   2.23517418E-03
   2.01165676E-03
   2.30967999E-03
   2.19792128E-03
   2.27242708E-03
   2.04890966E-03
   2.27242708E-03
   2.12341547E-03
   2.12341547E-03
   2.19792128E-03
   2.16066837E-03
   2.23517418E-03
   2.04890966E-03
   2.30967999E-03
   2.08616257E-03
   2.30967999E-03
   2.12341547E-03
   2.12341547E-03
   2.16066837E-03
   2.04890966E-03
   2.19792128E-03
   2.04890966E-03
   2.08616257E-03
   2.12341547E-03
   2.12341547E-03
   2.23517418E-03
   2.01165676E-03
   2.08616257E-03
   2.16066837E-03
   2.01165676E-03
   2.23517418E-03
   2.12341547E-03
   1.97440386E-03
   2.08616257E-03
   2.04890966E-03
   1.97440386E-03
   2.12341547E-03
   2.04890966E-03
   2.16066837E-03
   2.01165676E-03
   2.12341547E-03
   1.93715096E-03
   2.04890966E-03
   1.89989805E-03
   2.04890966E-03
   1.86264515E-03
   2.12341547E-03
   1.97440386E-03
   1.86264515E-03
   2.08616257E-03
   2.01165676E-03
   2.04890966E-03
   1.93715096E-03
   2.01165676E-03
   1.93715096E-03
   1.82539225E-03
   2.12341547E-03
   1.93715096E-03
   1.97440386E-03
   1.93715096E-03
   1.97440386E-03
   1.89989805E-03
   2.04890966E-03
   1.78813934E-03
   2.01165676E-03
   1.89989805E-03
   1.97440386E-03
   1.75088644E-03
   2.04890966E-03
   1.75088644E-03
   1.89989805E-03
   1.93715096E-03
   1.89989805E-03
   1.67638063E-03
   2.08616257E-03
   1.75088644E-03
   1.82539225E-03
   1.97440386E-03
   1.67638063E-03
   1.97440386E-03
   1.78813934E-03
   1.93715096E-03
   1.75088644E-03
   1.89989805E-03
   1.93715096E-03
   1.86264515E-03
   1.89989805E-03
   1.71363354E-03
   1.93715096E-03
   1.78813934E-03
   1.93715096E-03
   1.63912773E-03
   1.93715096E-03
   1.63912773E-03
   1.89989805E-03
   1.86264515E-03
   1.63912773E-03
   1.82539225E-03
   1.82539225E-03
   1.71363354E-03
   1.75088644E-03
   1.71363354E-03
   1.75088644E-03
   1.78813934E-03
   1.63912773E-03
   1.75088644E-03
   1.78813934E-03
   1.78813934E-03
   1.67638063E-03
   1.89989805E-03
   1.63912773E-03
   1.89989805E-03
   1.49011612E-03
   1.86264515E-03
   1.63912773E-03
   1.67638063E-03
   1.75088644E-03
   1.75088644E-03
   1.60187483E-03
   1.67638063E-03
   1.60187483E-03
   1.78813934E-03
   1.67638063E-03
   1.75088644E-03
   1.75088644E-03
   1.71363354E-03
   1.71363354E-03
   1.58324838E-03
   1.65775418E-03
   1.69500709E-03
   1.69500709E-03
   1.67638063E-03
   1.63912773E-03
   1.58324838E-03
   1.67638063E-03
   1.67638063E-03
   1.75088644E-03
   1.65775418E-03
   1.58324838E-03
   1.73225999E-03
   1.60187483E-03
   1.56462193E-03
   1.60187483E-03
   1.52736902E-03
   1.69500709E-03
   1.58324838E-03
   1.45286322E-03
   1.63912773E-03
   1.63912773E-03
   1.62050128E-03
   1.58324838E-03
   1.50874257E-03
   1.63912773E-03
   1.60187483E-03
   1.63912773E-03
   1.50874257E-03
   1.60187483E-03
   1.45286322E-03
   1.54599547E-03
   1.56462193E-03
   1.60187483E-03
   1.50874257E-03
   1.56462193E-03
   1.56462193E-03
   1.60187483E-03
   1.65775418E-03
   1.52736902E-03
   1.50874257E-03
   1.58324838E-03
   1.49011612E-03
   1.52736902E-03
   1.45286322E-03
   1.43423676E-03
   1.52736902E-03
   1.47148967E-03
   1.34110451E-03
   1.41561031E-03
   1.39698386E-03
   1.39698386E-03
   1.39698386E-03
   1.47148967E-03
   1.47148967E-03
   1.49011612E-03
   1.45286322E-03
   1.43423676E-03
   1.43423676E-03
   1.39698386E-03
   1.45286322E-03
   1.39698386E-03
   1.52736902E-03
   1.30385160E-03
   1.52736902E-03
   1.47148967E-03
   1.34110451E-03
   1.47148967E-03
   1.35973096E-03
   1.47148967E-03
   1.39698386E-03
   1.49011612E-03
   1.34110451E-03
   1.41561031E-03
   1.49011612E-03
   1.41561031E-03
   1.35973096E-03
   1.30385160E-03
   1.41561031E-03
   1.39698386E-03
   1.47148967E-03
   1.28522515E-03
   1.41561031E-03
   1.34110451E-03
   1.39698386E-03
   1.32247806E-03
   1.37835741E-03
   1.45286322E-03
   1.37835741E-03
   1.34110451E-03
   1.28522515E-03
   1.28522515E-03
   1.41561031E-03
   1.22934580E-03
   1.41561031E-03
   1.28522515E-03
   1.39698386E-03
   1.34110451E-03
   1.22934580E-03
   1.34110451E-03
   1.22934580E-03
   1.37835741E-03
   1.30385160E-03
   1.32247806E-03
   1.28522515E-03
   1.34110451E-03
   1.28522515E-03
   1.34110451E-03
   1.34110451E-03
   1.32247806E-03
   1.26659870E-03
   1.24797225E-03
   1.26659870E-03
   1.26659870E-03
   1.32247806E-03
   1.35973096E-03
   1.15483999E-03
   1.30385160E-03
   1.28522515E-03
   1.35973096E-03
   1.19209290E-03
   1.32247806E-03
   1.21071935E-03
   1.28522515E-03
   1.19209290E-03
   1.26659870E-03
   1.21071935E-03
   1.24797225E-03
   1.21071935E-03
   1.21071935E-03
   1.15483999E-03
   1.28522515E-03
   1.28522515E-03
   1.09896064E-03
   1.32247806E-03
   1.19209290E-03
   1.21071935E-03
   1.24797225E-03
   1.26659870E-03
   1.19209290E-03
   1.24797225E-03
   1.11758709E-03
   1.21071935E-03
   1.21071935E-03
   1.13621354E-03
   1.19209290E-03
   1.15483999E-03
   1.21071935E-03
   1.19209290E-03
   1.17346644E-03
   1.15483999E-03
   1.22934580E-03
   1.15483999E-03
   1.17346644E-03
   1.13621354E-03
   1.19209290E-03
   1.11758709E-03
   1.15483999E-03
   1.13621354E-03
   1.08033419E-03
   1.21071935E-03
   1.06170774E-03
   1.26659870E-03
   1.04308128E-03
   1.26659870E-03
   1.06170774E-03
   1.15483999E-03
   1.13621354E-03
   1.09896064E-03
   1.11758709E-03
   1.11758709E-03
   1.11758709E-03
   1.02445483E-03
   1.22934580E-03
   1.04308128E-03
   1.13621354E-03
   1.09896064E-03
   1.15483999E-03
   1.13621354E-03
   1.06170774E-03
   1.09896064E-03
   1.09896064E-03
   1.09896064E-03
   1.04308128E-03
   1.11758709E-03
   1.06170774E-03
   1.15483999E-03
   1.00582838E-03
   1.11758709E-03
   1.09896064E-03
   1.06170774E-03
   1.02445483E-03
   1.09896064E-03
   9.87201929E-04
   1.08033419E-03
   1.02445483E-03
   1.08033419E-03
   1.02445483E-03
   1.06170774E-03
   1.04308128E-03
   9.87201929E-04
   1.09896064E-03
   1.04308128E-03
   1.08033419E-03
   1.02445483E-03
   1.00582838E-03
   1.06170774E-03
   1.00582838E-03
   1.04308128E-03
   1.04308128E-03
   9.87201929E-04
   1.08033419E-03
   9.68575478E-04
   1.08033419E-03
   1.00582838E-03
   9.68575478E-04
   1.02445483E-03
   1.06170774E-03
   9.49949026E-04
   1.02445483E-03
   9.68575478E-04
   1.04308128E-03
   9.68575478E-04
   1.00582838E-03
   9.68575478E-04
   1.02445483E-03
   1.00582838E-03
   1.00582838E-03
   9.49949026E-04
   9.49949026E-04
   9.68575478E-04
   9.68575478E-04
   1.00582838E-03
   9.49949026E-04
   9.68575478E-04
   9.68575478E-04
   9.31322575E-04
   9.68575478E-04
   1.00582838E-03
   9.87201929E-04
   8.94069672E-04
   1.02445483E-03
   9.68575478E-04
   9.12696123E-04
   9.68575478E-04
   8.94069672E-04
   9.49949026E-04
   9.87201929E-04
   9.12696123E-04
   9.68575478E-04
   8.56816769E-04
   9.68575478E-04
   9.12696123E-04
   9.12696123E-04
   9.31322575E-04
   9.31322575E-04
   8.56816769E-04
   9.31322575E-04
   9.68575478E-04
   8.38190317E-04
   9.87201929E-04
   9.12696123E-04
   9.12696123E-04
   9.12696123E-04
   9.31322575E-04
   8.75443220E-04
   8.75443220E-04
   8.94069672E-04
   9.12696123E-04
   8.19563866E-04
   9.68575478E-04
   8.56816769E-04
   9.49949026E-04
   8.00937414E-04
   8.94069672E-04
   8.94069672E-04
   8.56816769E-04
   9.68575478E-04
   8.94069672E-04
   8.56816769E-04
   8.94069672E-04
   8.00937414E-04
   8.56816769E-04
   8.38190317E-04
   8.56816769E-04
   8.56816769E-04
   8.19563866E-04
   8.19563866E-04
   8.38190317E-04
   8.19563866E-04
   8.00937414E-04
   8.94069672E-04
   8.75443220E-04
   8.00937414E-04
   8.00937414E-04
   8.00937414E-04
   8.56816769E-04
   7.82310963E-04
   8.38190317E-04
   8.56816769E-04
   8.28877091E-04
   8.19563866E-04
   8.38190317E-04
   8.75443220E-04
   8.00937414E-04
   8.19563866E-04
   7.91624188E-04
   7.63684511E-04
   8.47503543E-04
   8.47503543E-04
   7.82310963E-04
   8.28877091E-04
   8.00937414E-04
   7.91624188E-04
   8.19563866E-04
   8.19563866E-04
   8.28877091E-04
   7.82310963E-04
   7.91624188E-04
   7.72997737E-04
   7.82310963E-04
   8.10250640E-04
   7.45058060E-04
   7.91624188E-04
   7.82310963E-04
   7.63684511E-04
   8.47503543E-04
   7.82310963E-04
   7.91624188E-04
   7.54371285E-04
   8.00937414E-04
   8.10250640E-04
   7.82310963E-04
   7.26431608E-04
   7.91624188E-04
   7.45058060E-04
   8.00937414E-04
   7.82310963E-04
   7.82310963E-04
   7.26431608E-04
   7.26431608E-04
   7.82310963E-04
   7.45058060E-04
   8.10250640E-04
   7.17118382E-04
   7.63684511E-04
   7.54371285E-04
   7.54371285E-04
   7.72997737E-04
   7.54371285E-04
   6.70552254E-04
   7.26431608E-04
   7.45058060E-04
   7.35744834E-04
   6.98491931E-04
   7.35744834E-04
   7.07805157E-04
   6.89178705E-04
   7.26431608E-04
   6.98491931E-04
   6.89178705E-04
   6.61239028E-04
   7.26431608E-04
   7.35744834E-04
   7.35744834E-04
   7.54371285E-04
   7.26431608E-04
   7.63684511E-04
   6.79865479E-04
   7.07805157E-04
   6.79865479E-04
   7.35744834E-04
   7.07805157E-04
   7.26431608E-04
   6.70552254E-04
   6.51925802E-04
   7.07805157E-04
   6.61239028E-04
   6.70552254E-04
   6.79865479E-04
   7.35744834E-04
   6.61239028E-04
   7.54371285E-04
   6.70552254E-04
   6.89178705E-04
   7.17118382E-04
   6.61239028E-04
   6.61239028E-04
   6.42612576E-04
   6.61239028E-04
   6.61239028E-04
   6.23986125E-04
   6.89178705E-04
   6.70552254E-04
   6.51925802E-04
   6.33299351E-04
   7.26431608E-04
   6.23986125E-04
   6.89178705E-04
   6.70552254E-04
   6.33299351E-04
   6.70552254E-04
   6.05359674E-04
   6.61239028E-04
   6.89178705E-04
   6.23986125E-04
   6.51925802E-04
   6.89178705E-04
   6.33299351E-04
   6.42612576E-04
   6.61239028E-04
   5.96046448E-04
   6.70552254E-04
   6.14672899E-04
   6.70552254E-04
   6.70552254E-04
   5.96046448E-04
   6.61239028E-04
   6.05359674E-04
   6.23986125E-04
   6.79865479E-04
   6.23986125E-04
   6.51925802E-04
   6.33299351E-04
   6.23986125E-04
   5.86733222E-04
   6.33299351E-04
   6.42612576E-04
   5.96046448E-04
   6.33299351E-04
   6.05359674E-04
   5.96046448E-04
   6.42612576E-04
   5.86733222E-04
   5.96046448E-04
   6.14672899E-04
   5.86733222E-04
   5.86733222E-04
   6.05359674E-04
   6.14672899E-04
   5.77419996E-04
   6.05359674E-04
   5.49480319E-04
   6.05359674E-04
   5.77419996E-04
   5.86733222E-04
   5.96046448E-04
   6.05359674E-04
   6.14672899E-04
   5.86733222E-04
   6.05359674E-04
   6.23986125E-04
   5.77419996E-04
   5.77419996E-04
   6.14672899E-04
   5.21540642E-04
   6.33299351E-04
   5.58793545E-04
   5.49480319E-04
   5.49480319E-04
   5.68106771E-04
   6.05359674E-04
   5.86733222E-04
   5.21540642E-04
   5.86733222E-04
   5.58793545E-04
   5.68106771E-04
   5.96046448E-04
   5.77419996E-04
   5.58793545E-04
   5.68106771E-04
   5.30853868E-04
   6.05359674E-04
   5.40167093E-04
   5.96046448E-04
   5.30853868E-04
   5.86733222E-04
   5.58793545E-04
   5.12227416E-04
   5.77419996E-04
   5.30853868E-04
   5.77419996E-04
   5.12227416E-04
   5.40167093E-04
   5.49480319E-04
   5.40167093E-04
   5.49480319E-04
   5.12227416E-04
   5.49480319E-04
   5.30853868E-04
   5.21540642E-04
   5.40167093E-04
   5.21540642E-04
   5.68106771E-04
   5.12227416E-04
   5.40167093E-04
   5.12227416E-04
   5.30853868E-04
   5.02914190E-04
   5.30853868E-04
   5.12227416E-04
   5.49480319E-04
   4.84287739E-04
   5.30853868E-04
   5.12227416E-04
   5.40167093E-04
   5.30853868E-04
   5.12227416E-04
   5.12227416E-04
   5.12227416E-04
   4.84287739E-04
   5.21540642E-04
   4.84287739E-04
   5.40167093E-04
   4.74974513E-04
   5.21540642E-04
   4.93600965E-04
   4.93600965E-04
   5.02914190E-04
   4.93600965E-04
   5.02914190E-04
   4.74974513E-04
   5.02914190E-04
   4.74974513E-04
   5.30853868E-04
   4.56348062E-04
   5.12227416E-04
   4.84287739E-04
   4.93600965E-04
   5.12227416E-04
   5.02914190E-04
   4.93600965E-04
   4.74974513E-04
   4.84287739E-04
   4.93600965E-04
   4.65661287E-04
   4.74974513E-04
   4.65661287E-04
   4.93600965E-04
   4.65661287E-04
   4.65661287E-04
   5.02914190E-04
   4.56348062E-04
   4.56348062E-04
   4.74974513E-04
   4.84287739E-04
   4.93600965E-04
   4.19095159E-04
   4.84287739E-04
   4.65661287E-04
   4.19095159E-04
   5.12227416E-04
   4.47034836E-04
   4.84287739E-04
   4.37721610E-04
   4.56348062E-04
   4.56348062E-04
   4.47034836E-04
   4.93600965E-04
   4.65661287E-04
   4.56348062E-04
